radius_mean,texture_mean,perimeter_mean,area_mean,smoothness_mean,compactness_mean,concavity_mean,concave points_mean,symmetry_mean,fractal_dimension_mean,radius_se,texture_se,perimeter_se,area_se,smoothness_se,compactness_se,concavity_se,concave points_se,symmetry_se,fractal_dimension_se,radius_worst,texture_worst,perimeter_worst,area_worst,smoothness_worst,compactness_worst,concavity_worst,concave points_worst,symmetry_worst,fractal_dimension_worst
13.9,16.62,88.97,599.4,0.06828,0.05319,0.02224,0.01339,0.1813,0.05536,0.1555,0.5762,1.392,14.03,0.003308,0.01315,0.009904,0.004832,0.01316,0.002095,15.14,21.8,101.2,718.9,0.09384,0.2006,0.1384,0.06222,0.2679,0.07698
9.683,19.34,61.05,285.7,0.08491,0.0503,0.02337,0.009615,0.158,0.06235,0.2957,1.363,2.054,18.24,0.00744,0.01123,0.02337,0.009615,0.02203,0.004154,10.93,25.59,69.1,364.2,0.1199,0.09546,0.0935,0.03846,0.2552,0.0792
7.76,24.54,47.92,181.0,0.05263,0.04362,0.0,0.0,0.1587,0.05884,0.3857,1.428,2.548,19.15,0.007189,0.00466,0.0,0.0,0.02676,0.002783,9.456,30.37,59.16,268.6,0.08996,0.06444,0.0,0.0,0.2871,0.07039
13.61,24.69,87.76,572.6,0.09258,0.07862,0.05285,0.03085,0.1761,0.0613,0.231,1.005,1.752,19.83,0.004088,0.01174,0.01796,0.00688,0.01323,0.001465,16.89,35.64,113.2,848.7,0.1471,0.2884,0.3796,0.1329,0.347,0.079
13.47,14.06,87.32,546.3,0.1071,0.1155,0.05786,0.05266,0.1779,0.06639,0.1588,0.5733,1.102,12.84,0.00445,0.01452,0.01334,0.008791,0.01698,0.002787,14.83,18.32,94.94,660.2,0.1393,0.2499,0.1848,0.1335,0.3227,0.09326
12.27,29.97,77.42,465.4,0.07699,0.03398,0.0,0.0,0.1701,0.0596,0.4455,3.647,2.884,35.13,0.007339,0.008243,0.0,0.0,0.03141,0.003136,13.45,38.05,85.08,558.9,0.09422,0.05213,0.0,0.0,0.2409,0.06743
16.84,19.46,108.4,880.2,0.07445,0.07223,0.0515,0.02771,0.1844,0.05268,0.4789,2.06,3.479,46.61,0.003443,0.02661,0.03056,0.0111,0.0152,0.001519,18.22,28.07,120.3,1032.0,0.08774,0.171,0.1882,0.08436,0.2527,0.05972
12.89,14.11,84.95,512.2,0.0876,0.1346,0.1374,0.0398,0.1596,0.06409,0.2025,0.4402,2.393,16.35,0.005501,0.05592,0.08158,0.0137,0.01266,0.007555,14.39,17.7,105.0,639.1,0.1254,0.5849,0.7727,0.1561,0.2639,0.1178
11.61,16.02,75.46,408.2,0.1088,0.1168,0.07097,0.04497,0.1886,0.0632,0.2456,0.7339,1.667,15.89,0.005884,0.02005,0.02631,0.01304,0.01848,0.001982,12.64,19.67,81.93,475.7,0.1415,0.217,0.2302,0.1105,0.2787,0.07427
9.465,21.01,60.11,269.4,0.1044,0.07773,0.02172,0.01504,0.1717,0.06899,0.2351,2.011,1.66,14.2,0.01052,0.01755,0.01714,0.009333,0.02279,0.004237,10.41,31.56,67.03,330.7,0.1548,0.1664,0.09412,0.06517,0.2878,0.09211
9.295,13.9,59.96,257.8,0.1371,0.1225,0.03332,0.02421,0.2197,0.07696,0.3538,1.13,2.388,19.63,0.01546,0.0254,0.02197,0.0158,0.03997,0.003901,10.57,17.84,67.84,326.6,0.185,0.2097,0.09996,0.07262,0.3681,0.08982
8.671,14.45,54.42,227.2,0.09138,0.04276,0.0,0.0,0.1722,0.06724,0.2204,0.7873,1.435,11.36,0.009172,0.008007,0.0,0.0,0.02711,0.003399,9.262,17.04,58.36,259.2,0.1162,0.07057,0.0,0.0,0.2592,0.07848
12.89,13.12,81.89,515.9,0.06955,0.03729,0.0226,0.01171,0.1337,0.05581,0.1532,0.469,1.115,12.68,0.004731,0.01345,0.01652,0.005905,0.01619,0.002081,13.62,15.54,87.4,577.0,0.09616,0.1147,0.1186,0.05366,0.2309,0.06915
9.904,18.06,64.6,302.4,0.09699,0.1294,0.1307,0.03716,0.1669,0.08116,0.4311,2.261,3.132,27.48,0.01286,0.08808,0.1197,0.0246,0.0388,0.01792,11.26,24.39,73.07,390.2,0.1301,0.295,0.3486,0.0991,0.2614,0.1162
20.6,29.33,140.1,1265.0,0.1178,0.277,0.3514,0.152,0.2397,0.07016,0.726,1.595,5.772,86.22,0.006522,0.06158,0.07117,0.01664,0.02324,0.006185,25.74,39.42,184.6,1821.0,0.165,0.8681,0.9387,0.265,0.4087,0.124
11.08,14.71,70.21,372.7,0.1006,0.05743,0.02363,0.02583,0.1566,0.06669,0.2073,1.805,1.377,19.08,0.01496,0.02121,0.01453,0.01583,0.03082,0.004785,11.35,16.82,72.01,396.5,0.1216,0.0824,0.03938,0.04306,0.1902,0.07313
12.75,16.7,82.51,493.8,0.1125,0.1117,0.0388,0.02995,0.212,0.06623,0.3834,1.003,2.495,28.62,0.007509,0.01561,0.01977,0.009199,0.01805,0.003629,14.45,21.74,93.63,624.1,0.1475,0.1979,0.1423,0.08045,0.3071,0.08557
11.04,16.83,70.92,373.2,0.1077,0.07804,0.03046,0.0248,0.1714,0.0634,0.1967,1.387,1.342,13.54,0.005158,0.009355,0.01056,0.007483,0.01718,0.002198,12.41,26.44,79.93,471.4,0.1369,0.1482,0.1067,0.07431,0.2998,0.07881
11.32,27.08,71.76,395.7,0.06883,0.03813,0.01633,0.003125,0.1869,0.05628,0.121,0.8927,1.059,8.605,0.003653,0.01647,0.01633,0.003125,0.01537,0.002052,12.08,33.75,79.82,452.3,0.09203,0.1432,0.1089,0.02083,0.2849,0.07087
13.68,16.33,87.76,575.5,0.09277,0.07255,0.01752,0.0188,0.1631,0.06155,0.2047,0.4801,1.373,17.25,0.003828,0.007228,0.007078,0.005077,0.01054,0.001697,15.85,20.2,101.6,773.4,0.1264,0.1564,0.1206,0.08704,0.2806,0.07782
14.64,16.85,94.21,666.0,0.08641,0.06698,0.05192,0.02791,0.1409,0.05355,0.2204,1.006,1.471,19.98,0.003535,0.01393,0.018,0.006144,0.01254,0.001219,16.46,25.44,106.0,831.0,0.1142,0.207,0.2437,0.07828,0.2455,0.06596
12.86,18.0,83.19,506.3,0.09934,0.09546,0.03889,0.02315,0.1718,0.05997,0.2655,1.095,1.778,20.35,0.005293,0.01661,0.02071,0.008179,0.01748,0.002848,14.24,24.82,91.88,622.1,0.1289,0.2141,0.1731,0.07926,0.2779,0.07918
11.81,17.39,75.27,428.9,0.1007,0.05562,0.02353,0.01553,0.1718,0.0578,0.1859,1.926,1.011,14.47,0.007831,0.008776,0.01556,0.00624,0.03139,0.001988,12.57,26.48,79.57,489.5,0.1356,0.1,0.08803,0.04306,0.32,0.06576
11.04,14.93,70.67,372.7,0.07987,0.07079,0.03546,0.02074,0.2003,0.06246,0.1642,1.031,1.281,11.68,0.005296,0.01903,0.01723,0.00696,0.0188,0.001941,12.09,20.83,79.73,447.1,0.1095,0.1982,0.1553,0.06754,0.3202,0.07287
10.25,16.18,66.52,324.2,0.1061,0.1111,0.06726,0.03965,0.1743,0.07279,0.3677,1.471,1.597,22.68,0.01049,0.04265,0.04004,0.01544,0.02719,0.007596,11.28,20.61,71.53,390.4,0.1402,0.236,0.1898,0.09744,0.2608,0.09702
11.2,29.37,70.67,386.0,0.07449,0.03558,0.0,0.0,0.106,0.05502,0.3141,3.896,2.041,22.81,0.007594,0.008878,0.0,0.0,0.01989,0.001773,11.92,38.3,75.19,439.6,0.09267,0.05494,0.0,0.0,0.1566,0.05905
13.96,17.05,91.43,602.4,0.1096,0.1279,0.09789,0.05246,0.1908,0.0613,0.425,0.8098,2.563,35.74,0.006351,0.02679,0.03119,0.01342,0.02062,0.002695,16.39,22.07,108.1,826.0,0.1512,0.3262,0.3209,0.1374,0.3068,0.07957
11.6,18.36,73.88,412.7,0.08508,0.05855,0.03367,0.01777,0.1516,0.05859,0.1816,0.7656,1.303,12.89,0.006709,0.01701,0.0208,0.007497,0.02124,0.002768,12.77,24.02,82.68,495.1,0.1342,0.1808,0.186,0.08288,0.321,0.07863
11.94,20.76,77.87,441.0,0.08605,0.1011,0.06574,0.03791,0.1588,0.06766,0.2742,1.39,3.198,21.91,0.006719,0.05156,0.04387,0.01633,0.01872,0.008015,13.24,27.29,92.2,546.1,0.1116,0.2813,0.2365,0.1155,0.2465,0.09981
14.44,15.18,93.97,640.1,0.0997,0.1021,0.08487,0.05532,0.1724,0.06081,0.2406,0.7394,2.12,21.2,0.005706,0.02297,0.03114,0.01493,0.01454,0.002528,15.85,19.85,108.6,766.9,0.1316,0.2735,0.3103,0.1599,0.2691,0.07683
13.65,13.16,87.88,568.9,0.09646,0.08711,0.03888,0.02563,0.136,0.06344,0.2102,0.4336,1.391,17.4,0.004133,0.01695,0.01652,0.006659,0.01371,0.002735,15.34,16.35,99.71,706.2,0.1311,0.2474,0.1759,0.08056,0.238,0.08718
14.86,16.94,94.89,673.7,0.08924,0.07074,0.03346,0.02877,0.1573,0.05703,0.3028,0.6683,1.612,23.92,0.005756,0.01665,0.01461,0.008281,0.01551,0.002168,16.31,20.54,102.3,777.5,0.1218,0.155,0.122,0.07971,0.2525,0.06827
14.74,25.42,94.7,668.6,0.08275,0.07214,0.04105,0.03027,0.184,0.0568,0.3031,1.385,2.177,27.41,0.004775,0.01172,0.01947,0.01269,0.0187,0.002626,16.51,32.29,107.4,826.4,0.106,0.1376,0.1611,0.1095,0.2722,0.06956
11.34,21.26,72.48,396.5,0.08759,0.06575,0.05133,0.01899,0.1487,0.06529,0.2344,0.9861,1.597,16.41,0.009113,0.01557,0.02443,0.006435,0.01568,0.002477,13.01,29.15,83.99,518.1,0.1699,0.2196,0.312,0.08278,0.2829,0.08832
11.27,12.96,73.16,386.3,0.1237,0.1111,0.079,0.0555,0.2018,0.06914,0.2562,0.9858,1.809,16.04,0.006635,0.01777,0.02101,0.01164,0.02108,0.003721,12.84,20.53,84.93,476.1,0.161,0.2429,0.2247,0.1318,0.3343,0.09215
13.15,15.34,85.31,538.9,0.09384,0.08498,0.09293,0.03483,0.1822,0.06207,0.271,0.7927,1.819,22.79,0.008584,0.02017,0.03047,0.009536,0.02769,0.003479,14.77,20.5,97.67,677.3,0.1478,0.2256,0.3009,0.09722,0.3849,0.08633
15.78,22.91,105.7,782.6,0.1155,0.1752,0.2133,0.09479,0.2096,0.07331,0.552,1.072,3.598,58.63,0.008699,0.03976,0.0595,0.0139,0.01495,0.005984,20.19,30.5,130.3,1272.0,0.1855,0.4925,0.7356,0.2034,0.3274,0.1252
14.48,21.46,94.25,648.2,0.09444,0.09947,0.1204,0.04938,0.2075,0.05636,0.4204,2.22,3.301,38.87,0.009369,0.02983,0.05371,0.01761,0.02418,0.003249,16.21,29.25,108.4,808.9,0.1306,0.1976,0.3349,0.1225,0.302,0.06846
14.53,13.98,93.86,644.2,0.1099,0.09242,0.06895,0.06495,0.165,0.06121,0.306,0.7213,2.143,25.7,0.006133,0.01251,0.01615,0.01136,0.02207,0.003563,15.8,16.93,103.1,749.9,0.1347,0.1478,0.1373,0.1069,0.2606,0.0781
14.47,24.99,95.81,656.4,0.08837,0.123,0.1009,0.0389,0.1872,0.06341,0.2542,1.079,2.615,23.11,0.007138,0.04653,0.03829,0.01162,0.02068,0.006111,16.22,31.73,113.5,808.9,0.134,0.4202,0.404,0.1205,0.3187,0.1023
11.13,22.44,71.49,378.4,0.09566,0.08194,0.04824,0.02257,0.203,0.06552,0.28,1.467,1.994,17.85,0.003495,0.03051,0.03445,0.01024,0.02912,0.004723,12.02,28.26,77.8,436.6,0.1087,0.1782,0.1564,0.06413,0.3169,0.08032
21.61,22.28,144.4,1407.0,0.1167,0.2087,0.281,0.1562,0.2162,0.06606,0.6242,0.9209,4.158,80.99,0.005215,0.03726,0.04718,0.01288,0.02045,0.004028,26.23,28.74,172.0,2081.0,0.1502,0.5717,0.7053,0.2422,0.3828,0.1007
11.6,24.49,74.23,417.2,0.07474,0.05688,0.01974,0.01313,0.1935,0.05878,0.2512,1.786,1.961,18.21,0.006122,0.02337,0.01596,0.006998,0.03194,0.002211,12.44,31.62,81.39,476.5,0.09545,0.1361,0.07239,0.04815,0.3244,0.06745
14.26,18.17,91.22,633.1,0.06576,0.0522,0.02475,0.01374,0.1635,0.05586,0.23,0.669,1.661,20.56,0.003169,0.01377,0.01079,0.005243,0.01103,0.001957,16.22,25.26,105.8,819.7,0.09445,0.2167,0.1565,0.0753,0.2636,0.07676
16.46,20.11,109.3,832.9,0.09831,0.1556,0.1793,0.08866,0.1794,0.06323,0.3037,1.284,2.482,31.59,0.006627,0.04094,0.05371,0.01813,0.01682,0.004584,17.79,28.45,123.5,981.2,0.1415,0.4667,0.5862,0.2035,0.3054,0.09519
19.07,24.81,128.3,1104.0,0.09081,0.219,0.2107,0.09961,0.231,0.06343,0.9811,1.666,8.83,104.9,0.006548,0.1006,0.09723,0.02638,0.05333,0.007646,24.09,33.17,177.4,1651.0,0.1247,0.7444,0.7242,0.2493,0.467,0.1038
12.87,16.21,82.38,512.2,0.09425,0.06219,0.039,0.01615,0.201,0.05769,0.2345,1.219,1.546,18.24,0.005518,0.02178,0.02589,0.00633,0.02593,0.002157,13.9,23.64,89.27,597.5,0.1256,0.1808,0.1992,0.0578,0.3604,0.07062
8.95,15.76,58.74,245.2,0.09462,0.1243,0.09263,0.02308,0.1305,0.07163,0.3132,0.9789,3.28,16.94,0.01835,0.0676,0.09263,0.02308,0.02384,0.005601,9.414,17.07,63.34,270.0,0.1179,0.1879,0.1544,0.03846,0.1652,0.07722
12.0,15.65,76.95,443.3,0.09723,0.07165,0.04151,0.01863,0.2079,0.05968,0.2271,1.255,1.441,16.16,0.005969,0.01812,0.02007,0.007027,0.01972,0.002607,13.67,24.9,87.78,567.9,0.1377,0.2003,0.2267,0.07632,0.3379,0.07924
13.69,16.07,87.84,579.1,0.08302,0.06374,0.02556,0.02031,0.1872,0.05669,0.1705,0.5066,1.372,14.0,0.00423,0.01587,0.01169,0.006335,0.01943,0.002177,14.84,20.21,99.16,670.6,0.1105,0.2096,0.1346,0.06987,0.3323,0.07701
12.83,22.33,85.26,503.2,0.1088,0.1799,0.1695,0.06861,0.2123,0.07254,0.3061,1.069,2.257,25.13,0.006983,0.03858,0.04683,0.01499,0.0168,0.005617,15.2,30.15,105.3,706.0,0.1777,0.5343,0.6282,0.1977,0.3407,0.1243
13.62,23.23,87.19,573.2,0.09246,0.06747,0.02974,0.02443,0.1664,0.05801,0.346,1.336,2.066,31.24,0.005868,0.02099,0.02021,0.009064,0.02087,0.002583,15.35,29.09,97.58,729.8,0.1216,0.1517,0.1049,0.07174,0.2642,0.06953
15.04,16.74,98.73,689.4,0.09883,0.1364,0.07721,0.06142,0.1668,0.06869,0.372,0.8423,2.304,34.84,0.004123,0.01819,0.01996,0.01004,0.01055,0.003237,16.76,20.43,109.7,856.9,0.1135,0.2176,0.1856,0.1018,0.2177,0.08549
22.01,21.9,147.2,1482.0,0.1063,0.1954,0.2448,0.1501,0.1824,0.0614,1.008,0.6999,7.561,130.2,0.003978,0.02821,0.03576,0.01471,0.01518,0.003796,27.66,25.8,195.0,2227.0,0.1294,0.3885,0.4756,0.2432,0.2741,0.08574
14.87,16.67,98.64,682.5,0.1162,0.1649,0.169,0.08923,0.2157,0.06768,0.4266,0.9489,2.989,41.18,0.006985,0.02563,0.03011,0.01271,0.01602,0.003884,18.81,27.37,127.1,1095.0,0.1878,0.448,0.4704,0.2027,0.3585,0.1065
10.97,17.2,71.73,371.5,0.08915,0.1113,0.09457,0.03613,0.1489,0.0664,0.2574,1.376,2.806,18.15,0.008565,0.04638,0.0643,0.01768,0.01516,0.004976,12.36,26.87,90.14,476.4,0.1391,0.4082,0.4779,0.1555,0.254,0.09532
9.876,19.4,63.95,298.3,0.1005,0.09697,0.06154,0.03029,0.1945,0.06322,0.1803,1.222,1.528,11.77,0.009058,0.02196,0.03029,0.01112,0.01609,0.00357,10.76,26.83,72.22,361.2,0.1559,0.2302,0.2644,0.09749,0.2622,0.0849
